================================================================================
MEDIAPIPE CONNECTIONS ANALYSIS
================================================================================

### POSE_CONNECTIONS (35 connections)
--------------------------------------------------------------------------------
 1. ( 0,  1)
 2. ( 0,  4)
 3. ( 1,  2)
 4. ( 2,  3)
 5. ( 3,  7)
 6. ( 4,  5)
 7. ( 5,  6)
 8. ( 6,  8)
 9. ( 9, 10)
10. (11, 12)
11. (11, 13)
12. (11, 23)
13. (12, 14)
14. (12, 24)
15. (13, 15)
16. (14, 16)
17. (15, 17)
18. (15, 19)
19. (15, 21)
20. (16, 18)
21. (16, 20)
22. (16, 22)
23. (17, 19)
24. (18, 20)
25. (23, 24)
26. (23, 25)
27. (24, 26)
28. (25, 27)
29. (26, 28)
30. (27, 29)
31. (27, 31)
32. (28, 30)
33. (28, 32)
34. (29, 31)
35. (30, 32)

### HAND_CONNECTIONS (21 connections)
--------------------------------------------------------------------------------
 1. ( 0,  1)
 2. ( 0,  5)
 3. ( 0, 17)
 4. ( 1,  2)
 5. ( 2,  3)
 6. ( 3,  4)
 7. ( 5,  6)
 8. ( 5,  9)
 9. ( 6,  7)
10. ( 7,  8)
11. ( 9, 10)
12. ( 9, 13)
13. (10, 11)
14. (11, 12)
15. (13, 14)
16. (13, 17)
17. (14, 15)
18. (15, 16)
19. (17, 18)
20. (18, 19)
21. (19, 20)

### FACEMESH_TESSELATION (2556 connections)
--------------------------------------------------------------------------------
(Too many to display - use for visualization)

### FACEMESH_CONTOURS (124 connections)
--------------------------------------------------------------------------------
 1. (  0, 267)
 2. (  7, 163)
 3. ( 10, 338)
 4. ( 13, 312)
 5. ( 14, 317)
 6. ( 17, 314)
 7. ( 21,  54)
 8. ( 33,   7)
 9. ( 33, 246)
10. ( 37,   0)
11. ( 39,  37)
12. ( 40,  39)
13. ( 46,  53)
14. ( 52,  65)
15. ( 53,  52)
16. ( 54, 103)
17. ( 58, 132)
18. ( 61, 146)
19. ( 61, 185)
20. ( 63, 105)
... and 104 more

### FACEMESH_IRISES (8 connections)
--------------------------------------------------------------------------------
 1. (469, 470)
 2. (470, 471)
 3. (471, 472)
 4. (472, 469)
 5. (474, 475)
 6. (475, 476)
 7. (476, 477)
 8. (477, 474)

### FACEMESH_FACE_OVAL (36 connections)
--------------------------------------------------------------------------------
 1. ( 10, 338)
 2. ( 21,  54)
 3. ( 54, 103)
 4. ( 58, 132)
 5. ( 67, 109)
 6. ( 93, 234)
 7. (103,  67)
 8. (109,  10)
 9. (127, 162)
10. (132,  93)
11. (136, 172)
12. (148, 176)
13. (149, 150)
14. (150, 136)
15. (152, 148)
16. (162,  21)
17. (172,  58)
18. (176, 149)
19. (234, 127)
20. (251, 389)
21. (284, 251)
22. (288, 397)
23. (297, 332)
24. (323, 361)
25. (332, 284)
26. (338, 297)
27. (356, 454)
28. (361, 288)
29. (365, 379)
30. (377, 152)
31. (378, 400)
32. (379, 378)
33. (389, 356)
34. (397, 365)
35. (400, 377)
36. (454, 323)

### FACEMESH_LEFT_EYE (16 connections)
--------------------------------------------------------------------------------
 1. (249, 390)
 2. (263, 249)
 3. (263, 466)
 4. (373, 374)
 5. (374, 380)
 6. (380, 381)
 7. (381, 382)
 8. (382, 362)
 9. (384, 398)
10. (385, 384)
11. (386, 385)
12. (387, 386)
13. (388, 387)
14. (390, 373)
15. (398, 362)
16. (466, 388)

### FACEMESH_RIGHT_EYE (16 connections)
--------------------------------------------------------------------------------
 1. (  7, 163)
 2. ( 33,   7)
 3. ( 33, 246)
 4. (144, 145)
 5. (145, 153)
 6. (153, 154)
 7. (154, 155)
 8. (155, 133)
 9. (157, 173)
10. (158, 157)
11. (159, 158)
12. (160, 159)
13. (161, 160)
14. (163, 144)
15. (173, 133)
16. (246, 161)

### FACEMESH_LIPS (40 connections)
--------------------------------------------------------------------------------
 1. (  0, 267)
 2. ( 13, 312)
 3. ( 14, 317)
 4. ( 17, 314)
 5. ( 37,   0)
 6. ( 39,  37)
 7. ( 40,  39)
 8. ( 61, 146)
 9. ( 61, 185)
10. ( 78,  95)
11. ( 78, 191)
12. ( 80,  81)
13. ( 81,  82)
14. ( 82,  13)
15. ( 84,  17)
16. ( 87,  14)
17. ( 88, 178)
18. ( 91, 181)
19. ( 95,  88)
20. (146,  91)
21. (178,  87)
22. (181,  84)
23. (185,  40)
24. (191,  80)
25. (267, 269)
26. (269, 270)
27. (270, 409)
28. (310, 415)
29. (311, 310)
30. (312, 311)
31. (314, 405)
32. (317, 402)
33. (318, 324)
34. (321, 375)
35. (324, 308)
36. (375, 291)
37. (402, 318)
38. (405, 321)
39. (409, 291)
40. (415, 308)

### FACEMESH_LEFT_EYEBROW (8 connections)
--------------------------------------------------------------------------------
 1. (276, 283)
 2. (282, 295)
 3. (283, 282)
 4. (293, 334)
 5. (295, 285)
 6. (296, 336)
 7. (300, 293)
 8. (334, 296)

### FACEMESH_RIGHT_EYEBROW (8 connections)
--------------------------------------------------------------------------------
 1. ( 46,  53)
 2. ( 52,  65)
 3. ( 53,  52)
 4. ( 63, 105)
 5. ( 65,  55)
 6. ( 66, 107)
 7. ( 70,  63)
 8. (105,  66)

### FACEMESH_LEFT_IRIS (4 connections)
--------------------------------------------------------------------------------
 1. (474, 475)
 2. (475, 476)
 3. (476, 477)
 4. (477, 474)

### FACEMESH_RIGHT_IRIS (4 connections)
--------------------------------------------------------------------------------
 1. (469, 470)
 2. (470, 471)
 3. (471, 472)
 4. (472, 469)

### FACEMESH_NOSE (25 connections)
--------------------------------------------------------------------------------
 1. (  1,  19)
 2. (  2, 326)
 3. (  4,   1)
 4. (  4,  45)
 5. (  5,   4)
 6. (  6, 197)
 7. ( 19,  94)
 8. ( 45, 220)
 9. ( 48,  64)
10. ( 64,  98)
11. ( 94,   2)
12. ( 97,   2)
13. ( 98,  97)
14. (115,  48)
15. (168,   6)
16. (195,   5)
17. (197, 195)
18. (220, 115)
19. (275,   4)
20. (278, 344)
21. (294, 278)
22. (326, 327)
23. (327, 294)
24. (344, 440)
25. (440, 275)

================================================================================
SUMMARY
================================================================================
Total connection constants available: 14
- Pose: 1 constant (POSE_CONNECTIONS)
- Hand: 1 constant (HAND_CONNECTIONS)
- Face: 12 constants (various FACEMESH_* constants)
